0 001 component head frame base
0 75192 ext component 001
0 Author: BlackSenator
0 UCS Millenium Falcon escape pod
0 ROTATION CENTER 0 0 0 1 "Custom" 
0 ROTATION CONFIG 0 1
1 71 -32.998 30.001 30 -1 0 0 0 0 -1 0 -1 0 32018.dat
1 1 67 10 20 0 1 0 -1 0 0 0 0 1 6558.dat
1 1 87.002 10 19.999 0 1 0 -1 0 0 0 0 1 6558.dat
1 1 47 10 20 0 1 0 -1 0 0 0 0 1 6558.dat
1 1 -113 10 20 0 1 0 -1 0 0 0 0 1 6558.dat
1 1 -133 10 20 0 1 0 -1 0 0 0 0 1 6558.dat
1 1 -153 10 20 0 1 0 -1 0 0 0 0 1 6558.dat
1 0 -52.998 10 20.001 0 0.544639 0.838671 -1 0 0 0 -0.838671 0.544639 18651.dat
1 0 -13 10 20 0 -0.544639 0.838671 -1 0 0 0 -0.838671 -0.544639 18651.dat
0 STEP
1 72 -172.563 10 24.157 0.207912 0 -0.978148 0 1 0 0.978148 0 0.207912 32523.dat
1 72 106.552 10.001 24.155 0.207912 0 0.978148 0 1 0 -0.978148 0 0.207912 32523.dat
1 72 47 10 -39.845 1 0 0 0 1 0 0 0 1 32140.dat
1 72 -113 10 -39.845 -1 0 0 0 -1 0 0 0 1 32140.dat
1 72 -12.917 10 20.131 0.838671 0 0.544639 0 1 0 -0.544639 0 0.838671 32271.dat
1 72 -53.084 10 20.131 -0.838671 0 -0.544639 0 -1 0 -0.544639 0 0.838671 32271.dat
0 STEP
1 0 92 10 124 0 -0.0697565 -0.997564 -1 0 0 0 0.997564 -0.0697565 18651.dat
1 0 -158.751 10 123.504 0 0.0697565 -0.997564 -1 0 0 0 0.997564 0.0697565 18651.dat
0 STEP
0
